%YAML:1.0

#--------------------------------------------------------------------------------------------
# Camera Parameters. Adjust them!
#--------------------------------------------------------------------------------------------
Camera.type: "PinHole"

# Camera calibration and distortion parameters (OpenCV) 
Camera.fx: 795.11588
Camera.fy: 795.11588
Camera.cx: 517.12973
Camera.cy: 395.59665

Camera.k1: 0.0
Camera.k2: 0.0
Camera.p1: 0.0
Camera.p2: 0.0

Camera.bFishEye: 0

Camera.width: 1024
Camera.height: 768

# Camera frames per second 
Camera.fps: 20.0

# stereo baseline times fx
# pose_quaternion=[0.119471 0.000000 0.000000 1.000000 0.000000 0.000000 0.000000]
Camera.bf: 94.993289299

# Color order of the images (0: BGR, 1: RGB. It is ignored if images are grayscale)
Camera.RGB: 1

# Close/Far threshold. Baseline times.
ThDepth: 40.0

# Transformation from camera 0 to body-frame (imu)
# camera to xsens
# [-0.385 0.040 -0.057]
# PITCH: 8.2 deg
# QUAT_XYZW: [ 0, 0.0714974, 0, 0.9974408 ]
# R:
# [  0.9897763,  0.0000000,  0.1426289;
#    0.0000000,  1.0000000,  0.0000000;
#   -0.1426289,  0.0000000,  0.9897763 ]
Tbc: !!opencv-matrix
  rows: 4
  cols: 4
  dt: f
  data: [ 0.9897763,  0.0000000,  0.1426289, -0.385,
          0.0000000,  1.0000000,  0.0000000,  0.040,
         -0.1426289,  0.0000000,  0.9897763, -0.057,
          0.0000000,  0.0000000,  0.0000000,  1.000]
  # data: [0.9897763,  0.0000000,  -0.1426289, 0.385,
  #         0.0000000,  1.0000000,  0.0000000, -0.040,
  #         0.1426289,  0.0000000,  0.9897763, 0.057,
  #         0.0000000,  0.0000000,  0.0000000,  1.000]

# IMU noise
IMU.NoiseGyro: 0.005
IMU.NoiseAcc: 0.008
IMU.GyroWalk: 0.003491
IMU.AccWalk: 5.0e-3
IMU.Frequency: 100

#--------------------------------------------------------------------------------------------
# System Parameters
#--------------------------------------------------------------------------------------------

System.LoopClosing: 1

#--------------------------------------------------------------------------------------------
# ORB Parameters
#--------------------------------------------------------------------------------------------

# ORB Extractor: Number of features per image
ORBextractor.nFeatures: 2000

# ORB Extractor: Scale factor between levels in the scale pyramid 	
ORBextractor.scaleFactor: 1.2

# ORB Extractor: Number of levels in the scale pyramid	
ORBextractor.nLevels: 8

# ORB Extractor: Fast threshold
# Image is divided in a grid. At each cell FAST are extracted imposing a minimum response.
# Firstly we impose iniThFAST. If no corners are detected we impose a lower value minThFAST
# You can lower these values if your images have low contrast			
ORBextractor.iniThFAST: 20
ORBextractor.minThFAST: 7

#--------------------------------------------------------------------------------------------
# Viewer Parameters
#--------------------------------------------------------------------------------------------
Viewer.KeyFrameSize: 0.6
Viewer.KeyFrameLineWidth: 2
Viewer.GraphLineWidth: 1
Viewer.PointSize:2
Viewer.CameraSize: 0.7
Viewer.CameraLineWidth: 3
Viewer.ViewpointX: 0
Viewer.ViewpointY: -100
Viewer.ViewpointZ: -0.1
Viewer.ViewpointF: 2000
